r1  r2  i1  r3  i2  i3  i4  r4  i5  i6  i7  i8  i9  i10 i11
0	1	1	1	0	0	0	0	0	0	1	0	0	0	0
0	1	1	1	0	0	0	0	0	1	0	0	0	0	0
0	1	1	1	0	0	0	0	0	1	1	0	0	0	0
0	1	1	1	0	0	0	0	1	0	0	0	0	0	0
0	1	1	1	0	0	0	0	1	0	1	0	0	0	0
0	1	1	1	0	0	0	0	1	1	0	0	0	0	0
0	1	1	1	0	0	0	0	1	1	1	0	0	0	0
0	1	1	1	0	0	0	1	0	0	0	0	0	0	0
0	1	1	1	0	0	0	1	0	0	1	0	0	0	0
0	1	1	1	0	0	0	1	0	1	0	0	0	0	0
0	1	1	1	0	0	0	1	0	1	1	0	0	0	0
0	1	1	1	0	0	0	1	1	0	0	0	0	0	0
0	1	1	1	0	0	0	1	1	0	1	0	0	0	0
0	1	1	1	0	0	0	1	1	1	0	0	0	0	0
0	1	1	1	0	0	0	1	1	1	1	0	0	0	0
0	1	1	0	0	0	1	0	0	0	0	0	0	0	1
0	1	1	0	0	0	1	0	0	0	1	0	0	0	1
0	1	1	0	0	0	1	0	0	1	0	0	0	0	1
0	1	1	0	0	0	1	0	0	1	1	0	0	0	1
0	1	1	0	0	0	1	0	1	0	0	0	0	0	1
0	1	1	0	0	0	1	0	1	0	1	0	0	0	1
0	1	1	0	0	0	1	0	1	1	0	0	0	0	1
0	1	1	0	0	0	1	0	1	1	1	0	0	0	1
0	1	1	0	0	0	1	1	0	0	0	0	0	0	1
0	1	1	0	0	0	1	1	0	0	1	0	0	0	1
0	1	1	0	0	0	1	1	0	1	0	0	0	0	1
0	1	1	0	0	0	1	1	0	1	1	0	0	0	1
0	1	1	0	0	0	1	1	1	0	0	0	0	0	1
0	1	1	0	0	0	1	1	1	0	1	0	0	0	1
0	1	1	0	0	0	1	1	1	1	0	0	0	0	1
0	1	1	0	0	0	1	1	1	1	1	0	0	0	1
0	1	0	1	0	1	0	0	0	0	0	0	0	1	0
0	1	0	1	0	1	0	0	0	0	1	0	0	1	0
0	1	0	1	0	1	0	0	0	1	0	0	0	1	0
0	1	0	1	0	1	0	0	0	1	1	0	0	1	0
0	1	0	1	0	1	0	0	1	0	0	0	0	1	0
0	1	0	1	0	1	0	0	1	0	1	0	0	1	0
0	1	0	1	0	1	0	0	1	1	0	0	0	1	0
0	1	0	1	0	1	0	0	1	1	1	0	0	1	0
0	1	0	1	0	1	0	1	0	0	0	0	0	1	0
0	1	0	1	0	1	0	1	0	0	1	0	0	1	0
0	1	0	1	0	1	0	1	0	1	0	0	0	1	0
0	1	0	1	0	1	0	1	0	1	1	0	0	1	0
0	1	0	1	0	1	0	1	1	0	0	0	0	1	0
0	1	0	1	0	1	0	1	1	0	1	0	0	1	0
0	1	0	1	0	1	0	1	1	1	0	0	0	1	0
0	1	0	1	0	1	0	1	1	1	1	0	0	1	0
0	1	0	0	0	1	1	0	0	0	0	0	0	1	1
0	1	0	0	0	1	1	0	0	0	1	0	0	1	1
0	1	0	0	0	1	1	0	0	1	0	0	0	1	1
0	1	0	0	0	1	1	0	0	1	1	0	0	1	1
0	1	0	0	0	1	1	0	1	0	0	0	0	1	1
0	1	0	0	0	1	1	0	1	0	1	0	0	1	1
0	1	0	0	0	1	1	0	1	1	0	0	0	1	1
0	1	0	0	0	1	1	0	1	1	1	0	0	1	1
0	1	0	0	0	1	1	1	0	0	0	0	0	1	1
0	1	0	0	0	1	1	1	0	0	1	0	0	1	1
0	1	0	0	0	1	1	1	0	1	0	0	0	1	1
0	1	0	0	0	1	1	1	0	1	1	0	0	1	1
0	1	0	0	0	1	1	1	1	0	0	0	0	1	1
0	1	0	0	0	1	1	1	1	0	1	0	0	1	1
0	1	0	0	0	1	1	1	1	1	0	0	0	1	1
0	1	0	0	0	1	1	1	1	1	1	0	0	1	1
0	0	1	1	1	0	0	0	0	0	0	0	1	0	0
0	0	1	1	1	0	0	0	0	0	1	0	1	0	0
0	0	1	1	1	0	0	0	0	1	0	0	1	0	0
0	0	1	1	1	0	0	0	0	1	1	0	1	0	0
0	0	1	1	1	0	0	0	1	0	0	0	1	0	0
0	0	1	1	1	0	0	0	1	0	1	0	1	0	0
0	0	1	1	1	0	0	0	1	1	0	0	1	0	0
0	0	1	1	1	0	0	0	1	1	1	0	1	0	0
0	0	1	1	1	0	0	1	0	0	0	0	1	0	0
0	0	1	1	1	0	0	1	0	0	1	0	1	0	0
0	0	1	1	1	0	0	1	0	1	0	0	1	0	0
0	0	1	1	1	0	0	1	0	1	1	0	1	0	0
0	0	1	1	1	0	0	1	1	0	0	0	1	0	0
0	0	1	1	1	0	0	1	1	0	1	0	1	0	0
0	0	1	1	1	0	0	1	1	1	0	0	1	0	0
0	0	1	1	1	0	0	1	1	1	1	0	1	0	0
0	0	1	0	1	0	1	0	0	0	0	0	1	0	1
0	0	1	0	1	0	1	0	0	0	1	0	1	0	1
0	0	1	0	1	0	1	0	0	1	0	0	1	0	1
0	0	1	0	1	0	1	0	0	1	1	0	1	0	1
0	0	1	0	1	0	1	0	1	0	0	0	1	0	1
0	0	1	0	1	0	1	0	1	0	1	0	1	0	1
0	0	1	0	1	0	1	0	1	1	0	0	1	0	1
0	0	1	0	1	0	1	0	1	1	1	0	1	0	1
0	0	1	0	1	0	1	1	0	0	0	0	1	0	1
0	0	1	0	1	0	1	1	0	0	1	0	1	0	1
0	0	1	0	1	0	1	1	0	1	0	0	1	0	1
0	0	1	0	1	0	1	1	0	1	1	0	1	0	1
0	0	1	0	1	0	1	1	1	0	0	0	1	0	1
0	0	1	0	1	0	1	1	1	0	1	0	1	0	1
0	0	1	0	1	0	1	1	1	1	0	0	1	0	1
0	0	1	0	1	0	1	1	1	1	1	0	1	0	1
0	0	0	1	1	1	0	0	0	0	0	0	1	1	0
0	0	0	1	1	1	0	0	0	0	1	0	1	1	0
0	0	0	1	1	1	0	0	0	1	0	0	1	1	0
0	0	0	1	1	1	0	0	0	1	1	0	1	1	0
0	0	0	1	1	1	0	0	1	0	0	0	1	1	0
0	0	0	1	1	1	0	0	1	0	1	0	1	1	0
0	0	0	1	1	1	0	0	1	1	0	0	1	1	0
0	0	0	1	1	1	0	0	1	1	1	0	1	1	0
0	0	0	1	1	1	0	1	0	0	0	0	1	1	0
0	0	0	1	1	1	0	1	0	0	1	0	1	1	0
0	0	0	1	1	1	0	1	0	1	0	0	1	1	0
0	0	0	1	1	1	0	1	0	1	1	0	1	1	0
0	0	0	1	1	1	0	1	1	0	0	0	1	1	0
0	0	0	1	1	1	0	1	1	0	1	0	1	1	0
0	0	0	1	1	1	0	1	1	1	0	0	1	1	0
0	0	0	1	1	1	0	1	1	1	1	0	1	1	0
0	0	0	0	1	1	1	0	0	0	0	0	1	1	1
0	0	0	0	1	1	1	0	0	0	1	0	1	1	1
0	0	0	0	1	1	1	0	0	1	0	0	1	1	1
0	0	0	0	1	1	1	0	0	1	1	0	1	1	1
0	0	0	0	1	1	1	0	1	0	0	0	1	1	1
0	0	0	0	1	1	1	0	1	0	1	0	1	1	1
0	0	0	0	1	1	1	0	1	1	0	0	1	1	1
0	0	0	0	1	1	1	0	1	1	1	0	1	1	1
0	0	0	0	1	1	1	1	0	0	0	0	1	1	1
0	0	0	0	1	1	1	1	0	0	1	0	1	1	1
0	0	0	0	1	1	1	1	0	1	0	0	1	1	1
0	0	0	0	1	1	1	1	0	1	1	0	1	1	1
0	0	0	0	1	1	1	1	1	0	0	0	1	1	1
0	0	0	0	1	1	1	1	1	0	1	0	1	1	1
0	0	0	0	1	1	1	1	1	1	0	0	1	1	1
0	0	0	0	1	1	1	1	1	1	1	0	1	1	1